low	0.037829	-0.023849	-0.110624	0.377403	0.852699	0.377403	-0.110624	-0.023849	0.037829
high	0.064539	-0.040690	-0.418092	0.788486	-0.418092	-0.040690	0.064539
low_syn	-0.064539	-0.040690	0.418092	0.788486	0.418092	-0.040690	-0.064539
high_syn	0.037829	0.023849	-0.110624	-0.377403	0.852699	-0.377403	-0.110624	0.023849	0.037829

low_k 2	0.001431	-0.001804	-0.007801	0.033830	0.058749	-0.095619	-0.072596	0.563594
low_k 2	1.040436	0.563594	-0.072596	-0.095619	0.058749	0.033830	-0.007801	-0.001804
low_k 2	0.001431

low_k 3	0.000077	-0.000097	-0.000466	0.001871	0.003182	-0.005974	-0.003881	0.027121
low_k 3	0.046481	0.041982	-0.004905	-0.123498	-0.129469	0.120701	0.509253	0.937899
low_k 3	1.159463	0.937899	0.509253	0.120701	-0.129469	-0.123498	-0.004905	0.041982
low_k 3	0.046481	0.027121	-0.003881	-0.005974	0.003182	0.001871	-0.000466	-0.000097
low_k 3	0.000077

low_k 4	0.000004	-0.000005	-0.000025	0.000100	0.000168	-0.000316	-0.000192	0.001388
low_k 4	0.002367	0.002463	-0.000059	-0.007814	-0.008951	0.005924	0.027768	0.051097
low_k 4	0.060915	0.036232	0.008202	0.010875	0.002909	-0.041972	-0.104656	-0.180767
low_k 4	-0.185904	-0.029241	0.184176	0.345220	0.505877	0.687986	0.884787	1.118839
low_k 4	1.245242	1.118839	0.884787	0.687986	0.505877	0.345220	0.184176	-0.029241
low_k 4	-0.185904	-0.180767	-0.104656	-0.041972	0.002909	0.010875	0.008202	0.036232
low_k 4	0.060915	0.051097	0.027768	0.005924	-0.008951	-0.007814	-0.000059	0.002463
low_k 4	0.002367	0.001388	-0.000192	-0.000316	0.000168	0.000100	-0.000025	-0.000005
low_k 4	0.000004

low_k 5	0.000000	-0.000000	-0.000001	0.000005	0.000009	-0.000017	-0.000010	0.000074
low_k 5	0.000127	0.000132	-0.000002	-0.000421	-0.000485	0.000328	0.001492	0.002687
low_k 5	0.003178	0.001856	0.000445	0.000830	0.000431	-0.002396	-0.006505	-0.011611
low_k 5	-0.012368	-0.003174	0.009572	0.019378	0.028455	0.037126	0.046418	0.058699
low_k 5	0.064627	0.056482	0.039778	0.019411	0.004971	0.004611	0.010973	0.017925
low_k 5	0.012508	-0.020527	-0.059961	-0.083023	-0.105201	-0.134121	-0.166669	-0.206236
low_k 5	-0.209786	-0.136807	-0.025242	0.087282	0.188985	0.265001	0.331789	0.409708
low_k 5	0.499737	0.607478	0.714147	0.796871	0.882839	0.989144	1.103785	1.223327
low_k 5	1.283972	1.223327	1.103785	0.989144	0.882839	0.796871	0.714147	0.607478
low_k 5	0.499737	0.409708	0.331789	0.265001	0.188985	0.087282	-0.025242	-0.136807
low_k 5	-0.209786	-0.206236	-0.166669	-0.134121	-0.105201	-0.083023	-0.059961	-0.020527
low_k 5	0.012508	0.017925	0.010973	0.004611	0.004971	0.019411	0.039778	0.056482
low_k 5	0.064627	0.058699	0.046418	0.037126	0.028455	0.019378	0.009572	-0.003174
low_k 5	-0.012368	-0.011611	-0.006505	-0.002396	0.000431	0.000830	0.000445	0.001856
low_k 5	0.003178	0.002687	0.001492	0.000328	-0.000485	-0.000421	-0.000002	0.000132
low_k 5	0.000127	0.000074	-0.000010	-0.000017	0.000009	0.000005	-0.000001	-0.000000
low_k 5	0.000000

high_k 2	0.002441	-0.003078	-0.021985	0.068657	0.051306	-0.246922	-0.031763	0.362686
high_k 2	-0.031763	-0.246922	0.051306	0.068657	-0.021985	-0.003078	0.002441

high_k 3	0.000131	-0.000165	-0.000794	0.003192	0.004965	-0.009607	-0.003799	0.034928
high_k 3	0.054859	0.114336	0.046468	-0.500918	-0.720749	0.358234	1.237839	0.358234
high_k 3	-0.720749	-0.500918	0.046468	0.114336	0.054859	0.034928	-0.003799	-0.009607
high_k 3	0.004965	0.003192	-0.000794	-0.000165	0.000131

high_k 4	0.000007	-0.000009	-0.000042	0.000171	0.000286	-0.000540	-0.000327	0.002368
high_k 4	0.004014	0.004233	0.000051	-0.013939	-0.016288	0.012026	0.048538	0.078761
high_k 4	0.089297	0.047231	0.016024	0.059203	0.047959	-0.086258	-0.334007	-0.711522
high_k 4	-0.845893	-0.434867	0.269763	1.043142	1.441236	1.043142	0.269763	-0.434867
high_k 4	-0.845893	-0.711522	-0.334007	-0.086258	0.047959	0.059203	0.016024	0.047231
high_k 4	0.089297	0.078761	0.048538	0.012026	-0.016288	-0.013939	0.000051	0.004233
high_k 4	0.004014	0.002368	-0.000327	-0.000540	0.000286	0.000171	-0.000042	-0.000009
high_k 4	0.000007

high_k 5	0.000000	-0.000000	-0.000002	0.000009	0.000015	-0.000029	-0.000018	0.000127
high_k 5	0.000216	0.000225	-0.000004	-0.000719	-0.000827	0.000559	0.002545	0.004584
high_k 5	0.005421	0.003168	0.000767	0.001383	0.000681	-0.003985	-0.011037	-0.020260
high_k 5	-0.021868	-0.006216	0.016345	0.035615	0.051484	0.061353	0.070146	0.083856
high_k 5	0.090974	0.085127	0.065258	0.027725	0.005262	0.023530	0.058853	0.095988
high_k 5	0.087821	-0.024646	-0.160182	-0.230798	-0.319429	-0.475947	-0.666107	-0.888411
high_k 5	-0.963471	-0.700644	-0.314070	-0.024852	0.262812	0.586154	0.937504	1.367101
high_k 5	1.601814	1.367101	0.937504	0.586154	0.262812	-0.024852	-0.314070	-0.700644
high_k 5	-0.963471	-0.888411	-0.666107	-0.475947	-0.319429	-0.230798	-0.160182	-0.024646
high_k 5	0.087821	0.095988	0.058853	0.023530	0.005262	0.027725	0.065258	0.085127
high_k 5	0.090974	0.083856	0.070146	0.061353	0.051484	0.035615	0.016345	-0.006216
high_k 5	-0.021868	-0.020260	-0.011037	-0.003985	0.000681	0.001383	0.000767	0.003168
high_k 5	0.005421	0.004584	0.002545	0.000559	-0.000827	-0.000719	-0.000004	0.000225
high_k 5	0.000216	0.000127	-0.000018	-0.000029	0.000015	0.000009	-0.000002	-0.000000
high_k 5	0.000000
