low	0.037829	-0.023849	-0.110624	0.377403	0.852699	0.377403	-0.110624	-0.023849	0.037829
high	0.064539	-0.040690	-0.418092	0.788486	-0.418092	-0.040690	0.064539
low_syn	-0.064539	-0.040690	0.418092	0.788486	0.418092	-0.040690	-0.064539
high_syn	0.037829	0.023849	-0.110624	-0.377403	0.852699	-0.377403	-0.110624	0.023849	0.037829
low_k 2	0.001431	-0.001804	-0.007801	0.033830	0.058749	-0.095619	-0.072596	0.563594
low_k 2	1.039005	0.564496	-0.068411	-0.109895	0.026493	0.019553	-0.003616	-0.000902
low_k 2	0.001431
low_k 3	0.000077	-0.000097	-0.000466	0.001871	0.003182	-0.005974	-0.003881	0.027121
low_k 3	0.046404	0.042030	-0.004633	-0.124293	-0.131112	0.120277	0.509146	0.941143
low_k 3	1.164800	0.933570	0.495713	0.096205	-0.163452	-0.147994	-0.018445	0.037653
low_k 3	0.051817	0.030365	-0.003988	-0.006398	0.001539	0.001076	-0.000193	-0.000048
low_k 3	0.000077
low_k 4	0.000004	-0.000005	-0.000025	0.000100	0.000168	-0.000316	-0.000192	0.001388
low_k 4	0.002363	0.002465	-0.000044	-0.007857	-0.009036	0.005900	0.027753	0.051297
low_k 4	0.061268	0.036007	0.007439	0.009580	0.001127	-0.043045	-0.104762	-0.181104
low_k 4	-0.186276	-0.027732	0.187016	0.349950	0.511752	0.688871	0.879714	1.109948
low_k 4	1.231891	1.099831	0.861141	0.658057	0.471112	0.315291	0.160529	-0.048249
low_k 4	-0.199255	-0.189658	-0.109729	-0.041087	0.008783	0.015605	0.011043	0.037741
low_k 4	0.060542	0.050760	0.027662	0.004852	-0.010733	-0.009110	-0.000822	0.002238
low_k 4	0.002720	0.001588	-0.000207	-0.000341	0.000082	0.000058	-0.000010	-0.000003
low_k 4	0.000004
low_k 5	0.000000	-0.000000	-0.000001	0.000005	0.000009	-0.000017	-0.000010	0.000074
low_k 5	0.000126	0.000132	-0.000002	-0.000424	-0.000489	0.000326	0.001491	0.002697
low_k 5	0.003197	0.001844	0.000403	0.000762	0.000339	-0.002452	-0.006511	-0.011636
low_k 5	-0.012399	-0.003086	0.009748	0.019681	0.028843	0.037213	0.046152	0.058204
low_k 5	0.063868	0.055450	0.038544	0.017830	0.003146	0.003135	0.009888	0.017368
low_k 5	0.012485	-0.020715	-0.060269	-0.083449	-0.105687	-0.133599	-0.165000	-0.204061
low_k 5	-0.207043	-0.133016	-0.020774	0.092816	0.195072	0.268621	0.332508	0.407574
low_k 5	0.494471	0.600445	0.705339	0.785812	0.869568	0.972970	1.084574	1.202020
low_k 5	1.260538	1.196545	1.074214	0.956422	0.847751	0.764149	0.684576	0.580697
low_k 5	0.476304	0.388402	0.312578	0.248828	0.175713	0.076223	-0.034051	-0.143840
low_k 5	-0.215052	-0.208370	-0.165950	-0.130501	-0.099114	-0.077489	-0.055493	-0.016736
low_k 5	0.015251	0.020100	0.012642	0.005133	0.004485	0.018985	0.039470	0.056294
low_k 5	0.064604	0.058142	0.045332	0.035650	0.026630	0.017797	0.008339	-0.004206
low_k 5	-0.013127	-0.012107	-0.006771	-0.002308	0.000819	0.001133	0.000620	0.001944
low_k 5	0.003147	0.002662	0.001487	0.000271	-0.000577	-0.000489	-0.000044	0.000120
low_k 5	0.000146	0.000085	-0.000011	-0.000018	0.000004	0.000003	-0.000001	-0.000000
low_k 5	0.000000
